预测结果
26.316999999999997
22.288
34.22199999999999
30.165
26.447000000000006
28.195999999999998
12.91
28.483000000000008
19.590999999999994
30.842999999999996
14.1
20.174
15.725999999999999
27.298000000000002
19.005999999999997
29.372000000000003
19.987000000000002
33.06200000000001
28.459000000000014
31.243000000000016
20.775
39.30300000000002
33.293
16.264
30.982
24.426000000000002
19.951
18.548
27.625
23.647
14.74
19.987999999999996
20.137999999999998
30.929000000000016
13.67
34.25499999999999
13.385
27.61
14.595
11.78
14.966
28.923000000000002
34.25899999999999
26.433000000000003
14.65
11.68
17.914
35.603
23.32
31.104
14.145
23.358
23.38
34.701
27.999000000000006
16.33
18.715999999999998
19.244
24.17
24.101000000000003
11.74
19.555000000000003
25.309
21.86
26.291000000000007
26.462000000000003
24.89100000000001
31.17
19.255999999999993
13.68
23.66
13.195
22.372000000000003
26.98
24.262000000000004
26.615
13.77
16.73
26.932
