预测结果
25.841561532421828
26.03674454125672
34.506018371746805
24.89553186898921
28.425987074049107
30.561382369465484
8.586942617298462
30.721856199164662
20.556785743266126
28.646823455546333
12.612149020562104
25.264346501512996
16.77369621623595
29.68019379069264
21.822996831658738
29.24834035475096
20.395026255494372
33.38385417298575
26.67772934422434
29.951494979913367
18.938203090547198
34.50905162659704
35.48745147625489
14.894058228551247
28.455934352732243
25.630546305343227
21.025780328302893
16.17903857608019
28.696051424593083
24.092563783593057
13.390258381668286
23.44947094009198
20.799447622396706
31.893022309828044
12.280400989807347
36.22266954978727
10.86366470424029
24.365420675205527
11.440898575871849
7.1367258824576325
12.857318103766794
27.561180549324195
34.72959155881548
26.3858942591093
11.989754206695043
9.797805399323945
17.608525202139308
31.377336865159812
24.351625540180173
30.204057315810587
11.901512574600583
26.516541589631245
23.122311539208443
35.13560229812443
28.26003717424049
17.783886379326617
20.273919001037424
22.7056067487159
22.711783358434474
25.99895525802034
8.484827561876777
22.69686892528605
25.76229967420445
23.347947041511038
29.95814981087041
28.726949681207152
25.734737031099087
29.42872473934425
21.7384353097557
10.072361841038413
22.754174011158195
13.26592331546206
26.783658075113333
27.956817443946225
24.164562037415912
24.06369326505592
14.015524997778263
14.85875252329726
25.759439812602768
