预测结果
25.841561532421835
26.036744541256716
34.506018371746805
24.89553186898922
28.425987074049104
30.561382369465484
8.586942617298456
30.721856199164662
20.55678574326613
28.646823455546343
12.612149020562104
25.264346501512993
16.773696216235944
29.68019379069264
21.82299683165873
29.24834035475096
20.395026255494376
33.38385417298575
26.67772934422434
29.951494979913367
18.938203090547205
34.50905162659704
35.48745147625489
14.89405822855125
28.45593435273225
25.63054630534323
21.025780328302893
16.17903857608019
28.69605142459309
24.092563783593064
13.39025838166828
23.44947094009198
20.799447622396702
31.89302230982804
12.280400989807346
36.22266954978726
10.863664704240284
24.365420675205538
11.440898575871847
7.136725882457629
12.857318103766792
27.5611805493242
34.72959155881548
26.385894259109303
11.989754206695038
9.797805399323938
17.60852520213931
31.377336865159815
24.351625540180184
30.20405731581059
11.901512574600579
26.51654158963125
23.122311539208454
35.135602298124425
28.260037174240487
17.783886379326617
20.273919001037424
22.705606748715905
22.71178335843448
25.998955258020345
8.484827561876768
22.696868925286054
25.76229967420445
23.347947041511038
29.958149810870403
28.726949681207156
25.734737031099087
29.428724739344254
21.7384353097557
10.07236184103841
22.754174011158206
13.265923315462055
26.78365807511333
27.95681744394623
24.16456203741591
24.063693265055928
14.01552499777826
14.858752523297264
25.75943981260277
